2.792382e-01
1.874328e-01
-5.411965e-01
4.432369e-01
2.272755e-01
-1.489478e+00
-2.906450e-01
4.407157e-01
3.444099e-01
-1.170206e-01
3.248908e-01
8.215093e-01
2.227644e-01
7.414911e-01
6.016259e-01
4.256481e-01
-9.690644e-01
-6.145755e-01
-3.363626e-02
5.257272e-01
2.466527e-01
-1.124298e-01
-1.202095e-01
-3.036830e-01
-6.248858e-01
-1.069863e-01
1.724657e-01
5.657063e-01
9.531958e-01
-3.661647e-01
1.422092e-01
3.805605e-01
-5.908024e-01
-4.969640e-01
-2.012664e-01
4.293271e-01
5.352111e-01
-1.267198e+00
5.681146e-01
4.112605e-02
1.503066e-01
-2.881346e-01
7.905436e-02
3.883779e-01
-1.498755e-01
1.364386e-01
-4.629735e-01
-3.226277e-02
5.626606e-01
-1.115667e-01
2.073518e-01
2.006293e-01
-2.008446e-01
-2.416861e+00
5.487320e-01
7.105612e-01
-2.771593e-02
-5.378330e-02
-9.608995e-01
-6.450737e-01
-5.923982e-01
-3.798572e-01
-4.199981e-01
-4.431844e-01
