3.088600e-02
-8.198777e-01
-1.036820e-01
-4.320757e-01
1.415563e-01
-1.028906e-01
-3.498597e-01
1.364815e-01
6.243875e-02
-5.177075e-01
8.635090e-02
2.401251e-01
-6.897072e-01
8.905098e-02
-1.767459e-01
-4.924527e-01
-2.296962e-01
-4.251812e-02
-1.584399e+00
-3.878320e-01
-3.138295e-01
-4.211113e-01
-3.097363e-02
3.195957e-02
1.880517e-02
-3.548671e-01
3.834106e-02
-9.179602e-01
4.493535e-02
-7.533121e-02
-2.960575e-01
1.754511e+00
3.369504e-02
-8.498540e-02
3.744017e-02
-1.337924e-01
-9.214527e-03
5.709250e-01
3.799073e-01
-1.934820e-01
-2.297569e-02
-6.874723e-01
-9.145385e-01
-1.091979e-02
-8.835014e-02
-3.287311e-01
-7.214662e-02
-1.489985e-01
-1.474158e+00
-2.194828e-02
-4.936838e-01
-4.753363e-01
-3.765335e-02
-6.985570e-02
4.224375e-01
1.253503e-01
-2.289109e-01
-6.950870e-01
-2.526601e-01
-2.145376e-02
-1.455365e-01
-1.863232e-01
-7.769030e-01
-1.797368e-01
